20260505124526
20260505124551
20260505124620
20260505124642
20260505124706
20260505124722
20260506064504
20260506065524
20260506065726
20260506071204
20260515000000
20260516000000
20260521000000
20260521142823
20260521144757
20260522000000
20260530202156
20260530202308
20260530202413
20260530202555
20260530203052
20260530203157
20260530204349
20260531123907
20260531162107
20260531173330
20260531191256
20260531192053
20260531192602
20260601020316
20260603152638
20260604063902
20260604064909
20260609125012
20260609180000
20260611063848
20260611195947
20260611201924
20260614000000
20260614010000
20260614020000
20260614030000
20260614040000
20260615000000
20260616000000
20260616010000
20260616020000
20260619000000
20260624000000
20260625000000
20260625010000
20260625020000
20260625030000
20260627000000
20260629000000
20260629160000
20260701000000
20260701120000
20260702000000
20260710000000
